   8.3568167e-02
   2.3157345e-04
   1.4394556e-04
   9.5234320e-05
   6.0673846e-05
   4.3079016e-05
   2.7317641e-05
   1.6003202e-05
   4.3658837e-06
   7.1867885e-06
   1.2196879e-05
   1.2653180e-05
   6.3254417e-06
   2.9008517e-06
   3.7585781e-06
   4.1270585e-06
   1.2140810e-05
   1.4416925e-05
   5.6631365e-06
   6.6229942e-06
   4.8259935e-06
   9.2944823e-06
   4.4242070e-06
   7.4714544e-06
   1.1297078e-05
   4.3797607e-06
   1.4685315e-05
   5.0352492e-06
   8.3561721e-02
   2.8122454e-04
   4.8563742e-05
   6.0409828e-06
   1.7921826e-05
   1.6908472e-05
   1.3639599e-05
   1.0079255e-05
   4.4330150e-06
   3.4480236e-06
   4.4956505e-06
   8.3635375e-06
   1.2516923e-05
   1.3995828e-05
   1.3432786e-05
   8.6737997e-06
   5.6688892e-06
   6.8431197e-06
   1.0609727e-05
   1.4268161e-05
   1.0856627e-05
   6.3615828e-06
   9.7426869e-06
   7.5619848e-06
   9.2716795e-06
   1.0835756e-05
   7.0217728e-06
   1.3083227e-05
   8.1534289e-02
   5.8509096e-05
   1.0945159e-05
   1.4795975e-05
   6.2642123e-06
   7.1859901e-06
   8.3810456e-06
   1.1755080e-05
   9.6570701e-06
   7.6181100e-06
   7.7194705e-06
   1.0356139e-05
   1.0562567e-05
   7.3981566e-06
   5.7064581e-06
   5.1906218e-06
   4.5012053e-06
   5.0508465e-06
   6.3469466e-06
   6.2499869e-06
   5.1520635e-06
   3.7931691e-06
   5.1412632e-06
   9.6992875e-06
   9.1983901e-06
   6.5554590e-06
   5.3466080e-06
   6.2244550e-06
   7.9071521e-02
   1.5614977e-05
   2.4558181e-05
   1.5225367e-05
   8.2898995e-06
   4.2833543e-06
   5.2932594e-06
   6.2475033e-06
   5.1838785e-06
   5.1226321e-06
   5.1299685e-06
   5.5602816e-06
   6.3349312e-06
   6.1738444e-06
   7.5122292e-06
   8.3777444e-06
   6.9109061e-06
   6.5629160e-06
   6.4844957e-06
   1.1744092e-05
   8.6742220e-06
   5.0213659e-06
   3.8765513e-06
   4.5852021e-06
   3.8686049e-06
   7.1722573e-06
   5.1936994e-06
   1.0332521e-05
   8.0257968e-02
   4.0800195e-05
   3.0780526e-05
   1.7011881e-05
   1.0847337e-05
   8.5178798e-06
   6.6237720e-06
   5.7386520e-06
   6.5640206e-06
   5.7855072e-06
   6.5485012e-06
   4.5025326e-06
   5.0231354e-06
   7.4390100e-06
   5.3729876e-06
   4.7351332e-06
   4.9114583e-06
   5.2042519e-06
   4.9182373e-06
   5.8103119e-06
   5.0841348e-06
   3.9622260e-06
   6.4367271e-06
   4.7028797e-06
   4.3679755e-06
   5.0503414e-06
   4.8498641e-06
   5.1435705e-06
   8.1892886e-02
   1.1833794e-05
   8.7510758e-06
   3.8651067e-06
   8.1058511e-06
   1.0460999e-05
   1.1291185e-05
   1.2608782e-05
   1.0007485e-05
   5.9001488e-06
   4.8785636e-06
   4.7123808e-06
   5.2614739e-06
   9.3906083e-06
   1.4976835e-05
   1.5715319e-05
   9.0389952e-06
   6.4475737e-06
   5.6733301e-06
   1.2351654e-05
   1.0816732e-05
   6.2996858e-06
   8.2694065e-06
   9.6253788e-06
   6.0633068e-06
   1.6423348e-05
   6.4348934e-06
   1.1892494e-05
   8.2549914e-02
   2.2010972e-05
   1.1309022e-05
   1.8210429e-05
   1.9039484e-05
   1.5473284e-05
   1.3791935e-05
   1.4923091e-05
   1.0080224e-05
   3.2889942e-06
   5.2853058e-06
   1.4790949e-05
   2.0252714e-05
   1.4537057e-05
   1.1295599e-05
   9.0603008e-06
   4.5310235e-06
   1.1000717e-05
   1.4288428e-05
   6.2908779e-06
   4.3327944e-06
   1.3436836e-05
   1.1741014e-05
   6.0866954e-06
   1.7312128e-05
   1.1202913e-05
   8.8008201e-06
   7.6109657e-06
   8.3569799e-02
   1.0656372e-04
   6.8525286e-05
   4.8027644e-05
   2.5927407e-05
   1.5636002e-05
   9.0679233e-06
   8.2987553e-06
   1.1570144e-05
   1.3116580e-05
   1.3399096e-05
   1.2124711e-05
   8.3477482e-06
   9.2261343e-06
   1.2443225e-05
   1.8887615e-05
   2.0436163e-05
   1.3807183e-05
   8.3429112e-06
   1.7155719e-05
   2.2179471e-05
   1.6204537e-05
   8.9878330e-06
   1.8239446e-05
   1.1332539e-05
   1.4794923e-05
   1.5851905e-05
   1.5015553e-05
   8.2296764e-02
   1.0162861e-04
   6.2823016e-05
   4.2262839e-05
   3.0320110e-05
   2.0669513e-05
   1.5356527e-05
   1.1376921e-05
   1.1484428e-05
   1.0937898e-05
   1.0128053e-05
   9.9455915e-06
   1.2705789e-05
   1.0037839e-05
   1.0569643e-05
   9.8506198e-06
   7.5969692e-06
   6.1283737e-06
   6.4167167e-06
   6.3107726e-06
   7.9694298e-06
   1.3893416e-05
   1.5396904e-05
   7.4327102e-06
   7.5589241e-06
   7.8086024e-06
   5.8052049e-06
   6.7304143e-06
   8.1623769e-02
   1.2015215e-04
   8.7211293e-05
   6.0352493e-05
   4.0901310e-05
   3.1812315e-05
   2.6741759e-05
   2.8292135e-05
   1.8614153e-05
   1.0858853e-05
   8.1760619e-06
   6.3253448e-06
   6.0592655e-06
   5.6125864e-06
   6.4394304e-06
   1.0389505e-05
   8.6531357e-06
   6.4989669e-06
   6.2378175e-06
   5.9232515e-06
   5.7756235e-06
   6.0477276e-06
   7.2818231e-06
   6.0650082e-06
   5.2164609e-06
   8.2753696e-06
   6.9514456e-06
   5.1819884e-06
   8.0928900e-02
   1.2149975e-04
   9.3264712e-05
   6.9958879e-05
   5.3103226e-05
   3.9518233e-05
   2.8461055e-05
   2.3900719e-05
   1.4387108e-05
   8.4324899e-06
   6.6015343e-06
   4.8946099e-06
   5.8191395e-06
   5.7761514e-06
   5.1519152e-06
   5.8181134e-06
   1.2916872e-05
   1.1825881e-05
   8.6387220e-06
   4.8570832e-06
   1.2632112e-05
   7.3896282e-06
   5.9142208e-06
   4.6427917e-06
   6.2759223e-06
   5.5688256e-06
   1.1824605e-05
   5.2936751e-06
   8.1478024e-02
   7.4145378e-05
   4.5146923e-05
   3.5293805e-05
   2.4571188e-05
   2.2666169e-05
   2.3830137e-05
   2.0552350e-05
   1.7673600e-05
   1.0671873e-05
   8.4605396e-06
   8.9319242e-06
   7.4418518e-06
   4.2171177e-06
   5.6493900e-06
   6.6503515e-06
   7.2588143e-06
   8.5079716e-06
   1.2491193e-05
   6.5228550e-06
   5.8059736e-06
   8.1010663e-06
   4.5487046e-06
   8.6158505e-06
   6.4719676e-06
   4.3530789e-06
   6.0995348e-06
   7.6982613e-06
   8.0426341e-02
   3.0000096e-04
   1.7442306e-04
   1.2126587e-04
   8.8219149e-05
   6.8448544e-05
   5.3532007e-05
   4.2949922e-05
   2.8891427e-05
   1.4075471e-05
   1.0459504e-05
   7.2002550e-06
   5.2766434e-06
   4.0473391e-06
   5.7584185e-06
   8.9900444e-06
   7.0350142e-06
   6.0480409e-06
   6.8815440e-06
   5.0197820e-06
   5.2341041e-06
   5.0349187e-06
   7.0784484e-06
   7.9650953e-06
   7.7195156e-06
   9.8542949e-06
   7.3103283e-06
   6.4993613e-06
